7285,21820
2480,49159
2393,42069
9957,25070
9302,52010
3760,7769
4238,99098
6757,87404
5768,44175
3064,53902
3102,21075
2356,16293
5372,43766
4004,89315
9966,17083
6208,52580
4575,22716
9880,89827
8114,38759
1116,85613
6684,5135
4639,68432
6306,42074
4657,68000
2608,67776
3508,26665
1974,54303
5107,36159
9335,42991
2283,43903
9045,1683
1394,58402
4581,73128
4662,53324
2723,32487
2708,16474
9315,89315
1762,66198
8051,52199
4286,56503
5764,44274
3371,79758
2597,45494
4673,53443
3040,43775
1529,76699
6891,95501
9704,6829
7578,25736
4700,38931
6223,60092
2013,45490
2332,94431
6984,65181
3931,84495
4723,63078
5008,97666
5193,92984
6460,70261
3269,23671
1573,56242
9853,31877
5020,11107
6056,1401
2029,72265
8943,70304
8517,53734
1528,15202
6052,2110
5603,32791
9333,85157
6786,80042
4296,7078
7943,54737
1102,89366
3146,80686
8062,98620
5439,70800
4678,2935
2448,18348
1514,46143
3031,59495
1894,60301
9485,54468
1858,4939
4177,63053
4804,88331
5714,21119
4471,31338
6131,14358
4312,71233
5109,67973
4815,86562
9880,12844
8227,37690
6971,47818
7909,64269
4537,11945
4564,61158
6210,7575
5506,6319
9930,5318
3776,71677
7180,52072
8241,55506
9394,76702
9720,83499
7002,49323
9838,31182
6355,51638
3063,11880
5101,9207
4153,50989
5453,83788
5867,87147
5907,80274
5775,53810
4163,62343
2657,6E195
9390,15012
4105,46852
5683,18360
9036,87143
5153,75508
4242,19338
6597,88941
4704,56840
4912,67947
7527,36074
8361,92343
5036,40558
2076,24251
9222,40960
9633,2023
2788,26331
8379,54780
5141,41422
9809,5219
3030,16480
9509,87959
8498,86868
7117,89762
4747,83029
9440,43424
3907,31767
8389,9493
1843,9172
8282,20763
7550,39828
6251,7580
5906,24643
9521,51430
2306,77785
6771,84087
8415,46009
5355,42319
4693,72948
7626,40441
2804,56889
2863,84730
5404,22684
4763,92458
5876,29740
1214,66719
1542,30755
6081,62440
3032,19293
3504,13289
4334,12603
6980,79387
4609,69950
4821,93746
7527,93879
1312,64152
3005,13134
6143,99582
4946,48119
4144,52427
6837,96250
6417,7141
5795,52012
2065,43963
4804,28532
8035,31893
8649,56483
4406,21085
3199,48678
5090,79658
6424,48239
2167,99987
6992,91268
9555,2678
1369,37268
8158,52143
6460,16516
9047,97332
4875,21585
9718,55820
2164,23333
1441,1779
1722,33292
7670,5782
8146,88653
1727,45374
7998,80408
1319,93687
5726,2443
5166,48617
2720,39453
8474,82694
2746,94764
1304,98414
3296,95223
9552,5479
6536,4694
8094,84483
8197,85990
7640,51424
1122,99900
8405,77085
7401,45364
2029,24146
6132,47880
4731,15193
4958,59583
2896,90867
9988,14178
9154,54701
5167,54860
9939,67767
8105,81589
4709,87565
3936,46037
7128,72152
2722,58898
7559,17923
7842,3498
5399,26613
2194,92827
6457,17062
8358,19784
9469,7799
9249,92352
9303,29759
2130,91304
3540,16702
1258,87338
5324,20762
7863,77947
1327,30134
2283,66069
4244,8572
9366,53862
7762,36975
3403,52728
2983,26332
6815,71294
9847,24957
5958,36082
7074,82394
7128,25707
4786,44561
5573,5976
7967,12386
1719,48470
4071,29099
9085,77958
5346,28808
4391,75788
5051,27480
4225,10435
9645,27686
3934,99100
9423,32006
5243,47445
8588,56396
9418,44992
8982,67177
9255,64053
7053,81425
5694,76240
4151,13234
2897,33302
8915,27265
8079,77507
8381,10771
7767,14711
2120,95076
8997,21815
8637,89853
1777,21252
8780,4069
6547,73780
7760,83476
6912,75170
3899,35605
3727,39991
4835,51463
5906,34494
6279,40643
1763,45182
8241,12529
6998,45451
3889,84509
3028,17762
8593,70442
4002,44520
2081,58406
3970,65657
1031,51915
4537,92627
6630,74557
2272,19687
6465,82479
3377,88029
6604,92695
3582,18562
9418,28376
5035,32787
7324,50036
6502,44779
8566,56311
8798,35499
9458,96922
6787,81265
1190,99747
7725,78193
8635,29292
6417,47386
5476,46736
8738,76873
4953,90188
4637,5197
4021,35287
7615,86035
3761,6668
3444,10896
2854,75518
9193,68305
9053,51866
4335,13961
3221,24934
2566,62974
9428,96711
1407,86752
9578,21784
3808,46223
8468,12485
1069,17828
3908,83686
2198,37471
9665,89820
6105,50212
7124,74266
2195,4078
3606,18494
7603,57248
2581,86996
5692,97911
4565,70953
5025,40408
7732,76849
9665,72390
5975,86848
3630,43029
6369,69521
4864,88438
2208,91748
8667,23263
6700,72964
6329,81274
4675,30437
8909,15164
1448,46299
4831,7273
7691,31043
8740,86061
8848,3817
9962,98507
1298,97556
4610,42317
7162,60545
4581,85138
1879,4951
4674,33564
4030,31547
5179,7410
3367,14648
2654,83175
1943,23339
6192,22519
7247,66416
7346,66952
4047,76776
9757,37846
1871,48863
2049,11204
4870,85238
8000,28499
9998,3196
7215,14716
3256,65716
1453,30064
7618,89157
6360,37768
4754,60773
2165,7291
4145,85212
3907,93720
7766,47561
6576,47610
2208,19014
3266,32325
3821,10925
9140,30732
9912,15695
5050,19508
1216,2690
2053,84829
7328,77169
6422,24002
5052,40307
212T,6939
5094,2292
9790,35232
7717,55301
1953,17642
1704,82131
5616,65593
2613,41744
2049,29698
4251,22668
1537,51582
8316,31809
1338,24699
6334,82920
6696,41690
7271,27293
3146,7671
5645,99651
2043,75329
4413,44316
8650,62217
2532,37432
2350,41972
5226,39077
5021,51532
7796,77337
7422,30506
2787,38299
6856,12131
8347,94085
7566,66899
8590,91681
5727,81026
7686,49330
4717,12179
4341,27410
5271,45129
7892,13921
4751,70867
1040,75223
8512,11941
2676,4326
1543,58951
87o5,27349
4140,97435
6883,53441
7182,15564
8067,18347
4605,15993
3000,16427
2555,30076
2293,3036
7839,69170
8073,94474
7194,28320
7572,66003
9558,34211
2808,83032
9521,84938
2068,59611
8538,90704
8512,17029
1799,72931
2038,69997
4170,54121
6108,40030
1407,1267
8191,83744
7142,67799
7430,40203
5111,1769
3917,59010
8683,98613
4197,62772
4550,5156
6041,31705
5351,88646
7878,82611
7367,32711
1206,26348
2484,83334
9958,6091
1950,95133
8665,95515
2942,57626
9527,88147
4963,75407
448P,34361
2545,29046
9095,25808
2035,82942
1731,22825
5105,42751
4629,23547
7351,43810
6564,35420
6561,94375
2430,21088
2905,58565
5912,72565
5167,72790
6830,65477
2904,91987
1882,80027
1042,39022
8620,91387
1290,29488
6610,38383
1472,51077
7326,39107
5831,3697
8834,6548
6371,11528
9029,24698
7775,18391
7516,98031
8215,59207
9070,62997
5557,96807
1689,47831
2005,28422
4141,29227
2082,81464
8627,72664
4952,6063
2540,34299
4012,77942
3071,76688
4107,23378
7287,93958
8025,30578
4340,83381
6443,55808
2919,83029
8205,39771
8827,89656
6654,9913
3714,79439
8964,57595
2697,74907
4066,36809
4532,92888
1545,54384
6378,64789
2705,62018
8733,87914
6328,97587
4535,57677
9199,3053
1958,47135
8834,51016
1377,10631
7053,80416
8900,77262
5884,18831
8967,65870
6990,47876
1954,4538
6576,73781
8683,55078
8121,16486
8590,27081
7824,73454
3260,45954
1657,79233
8575,79613
8562,22693
6399,11893
8951,93653
9896,44191
3465,49438
8341,7214
7268,53957
6109,55121
7354,53090
7856,33203
9274,55229
8815,87697
4188,11674
2451,12955
2951,63657
5599,88314
4366,5905
1132,40749
4821,28768
7682,86465
4582,83728
9049,66692
2446,94802
6192,88739
2009,54537
2057,97563
9386,92371
1071,4775
3084,76296
7979,48286
4352,76863
6425,60024
7289,27800
2193,47161
7519,73951
6744,88318
8044,82304
5464,37767
1911,82774
6020,42230
6793,68949
8255,16881
1799,27835
8250,65480
2004,27818
8532,65543
4400,18471
3978,91598
3405,13614
3491,84780
3420,46136
6507,1942
5705,17260
5685,41424
6823,77672
4201,44435
3757,28450
7381,12294
4880,49607
5607,62334
1294,59730
5939,26792
5736,71826
6958,677I9
4686,63691
2105,61922
9251,69994
9804,77376
3652,39090
7316,56660
1211,96650
9121,89901
5370,86125
2058,56246
7526,47443
7267,88362
2137,44830
4066,2550
5053,28954
2307,88979
9665,66618
4037,51317
1977,28426
8554,15563
8698,29483
8342,70476
6646,89652
4868,10178
9124,31318
5808,62515
2811,64748
9591,8813
5968,23034
3609,89369
3552,36750
8204,17620
1019,28550
3102,12888
8013,58217
7857,56294
7002,10593
6116,48856
3038,49446
8422,91584
8493,13509
2821,5008
1372,89507
4411,89531
9700,70888
5744,54418
4202,84721
6329,4506
5700,51665
9447,90976
5017,55641
1078,60153
3664,30891
6382,83731
6542,32324
6135,29906
3691,83182
2088,24255
8438,44414
9413,29387
8065,67224
1653,76566
7260,99324
5743,19555
9557,68173
5167,50706
5974,5575
6080,56806
9619,95119
7838,98722
2953,46153
3569,58672
2844,7667
7741,74772
6538,45116
6748,23368
2055,16084
4962,8299
5773,20114
5949,67117
5548,60412
2137,14810
2519,91067
1088,73333
2371,27261
3974,92031
5031,76551
3756,85359
5768,67931
7530,85672
6558,62339
1159,95394
3118,23843
2003,96297
5504,39641
6229,55087
2619,92209
2178,66664
6750,17847
1570,30R27
2716,45286
4021,46932
7760,53457
2484,74047
6248,19898
3789,38363
2466,31204
6163,41266
5338,38971
2687,5147
7482,6578
1999,38011
6262,90213
2774,76859
6973,82839
2798,34357
5486,43774
1751,81170
4349,83146
7108,88165
1061,62082
2468,78482
7425,88879
9961,30305
9601,77761
4843,97424
2059,12127
9370,71472
4891,89083
9096,65052
4618,51963
8715,72666
3154,22306
6509,21946
1799,35794
2766,52892
9380,94334
3029,68927
6689,96394
4980,39578
3437,73189
6190,14131
4278,92663
1061,24206
5532,40664
6727,18107
4951,22940
7146,66157
6022,79216
7642,44982
9344,44899
8169,5200
5021,81443
7765,62524
1055,16662
7288,6536
6081,86832
4708,52858
1368,99830
9314,71064
7988,55366
9522,22808
8587,74255
5617,82687
9759,58653
5995,18577
7825,62267
4975,40763
6469,46810
8388,93059
8589,2928
4954,28817
1234,63366
3188,84543
8230,7807
4558,70187
8872,67741
6371,14387
5177,6252
5432,46220
2205,36871
4836,22720
9349,19374
7913,92491
1548,18106
3702,12469
2820,77678
4429,30364
7540,89826
1572,6055
6135,85339
2880,43922
5462,2239
7510,34229
2753,44365
8579,83849
4401,84945
3205,15825
1647,66750
5563,22078
7554,55358
1839,38828
1272,16223
2657,77757
3571,69647
9753,83231
9561,75567
8149,82061
7483,15689
7819,76922
5651,57154
8465,19054
8130,22292
6513,88416
3851,70157
5493,48439
9161,27813
2395,15246
1633,88164
6870,81061
7435,8524
8829,90714
7360,25314
5389,80365
3942,69274
2837,81339
9134,77729
8219,39274
7647,32583
5865,57927
7162,34419
8221,63580
2487,49822
6492,7397
1642,68617
2695,32808
4494,18392
2530,68821
2341,4227
7515,13273
9446,88465
6537,92405
2706,49322
6294,10986
7858,18451
3035,96646
9232,99641
5088,29752
9608,29047
7882,78350
4145,77717
6557,45080
6921,36146
7861,53952
7649,25197
2065,27109
8212,81070
7101,26759
9411,19260
9615,59937
6839,24889
2850,66041
4591,24551
2200,22005
2196,73124
6160,15148
7536,53546
8516,66901
8208,73087
2221,25591
2087,85002
5302,65924
6856,65571
9248,49869
8008,6457
2982,32307
9468,48704
6957,58307
6563,27186
9761,23555
7814,13592
5257,63993
6386,27136
3940,65404
2642,14497
9843,54879
4494,93305
2797,78694
8087,47089
4643,3328
3221,95781
8584,91214
6866,96062
5740,74786
4808,77775
6825,6549
9292,82187
6936,28373
1112,97752
7712,70972
1749,8362
8705,38518
1167,94146
8681,15402
9602,40636
5540,48969
3514,27403
6254,20375
3922,11947
4179,20077
3961,97479
5561,40770
3811,71607
9559,81550
8747,28363
1429,88987
9269,65071
7039,56985
2094,6337
5167,25779
2145,77491
4134,51250
8018,61683
1190,41170
6860,84531
5035,9375
9685,6894
2689,30093
4780,39672
3348,82256
1295,95777
7885,63287
1928,1483
6174,98251
9151,48294
6977,58261
8457,80997
7893,23159
1069,82590
1321,47403
5950,36624
1580,67199
3306,65195
4020,36944
8030,87450
9200,32744
4488,99292
4430,35958
2022,23333
2369,12255
7237,37166
9459,76240
3602,86148
8760,45230
7289,3011
7140,16634
4081,53739
1388,75309
7241,83298
3113,70881
1502,36254
5010,30227
8315,80424
6827,45417
1840,76959
9480,5978
9618,81021
4961,22496
7367,32367
2144,36290
6337,44814
6109,70276
5653,22121
5398,5921
7924,46942
7769,65116
6363,69746
1950,59543
2766,85275
8815,52176
1556,34069
5728,30561
8043,28435
8643,39037
7301,1838
2664,76482
5012,67128
4530,72226
7652,19978
4219,59372
2931,20571
4170,50707
9615,43613
3144,97351
1111,44387
3690,88312
9132,85172
8819,2663
8397,29133
4850,22118
7725,18204
5118,83733
5214,94152
4294,41173
9541,25350
7110,22985
7261,5559
7248,23273
6948,84167
9963,67618
2545,40382
5338,64978
4325,7787
4135,79098
8349,29247
8549,32836
2924,69105
7834,35921
1940,82968
3889,16868
8156,2201
3206,2372
5879,42049
9201,89158
3623,98072
9657,91389
3264,32806
4919,18571
2205,79027
1561,98428
5003,62848
6378,47883
1855,20566
4967,22815
9198,69883
6213,3318
4016,30930
8861,87944
2445,33108
3323,23040
2122,86431
3130,74161
7393,85162
5881,14767
7136,84231
1254,93323
8083,33630
4624,31620
2064,28182
7060,19315
1752,18516
8777,70101
5834,41329
7448,37143
1305,31053
2118,36632
9873,20798
2414,24804
9853,58909
6271,28091
5743,58529
3216,29339
6843,20012
7478,94413
6740,5924
5125,6518
4078,59397
7558,84844
7431,85691
6615,18639
6988,63404
9875,84256
9250,47665
3785,92082
2069,19371
3494,27760
6508,75425
7624,51858
8285,87022
5838,23322
5807,18739
7369,83072
6624,82239
8302,92440
4215,2658
6598,54878
5531,13835
6536,71861
4704,7200
6957,56431
8825,30083
1939,13339
6639,25885
2477,24889
6222,40741
3550,99795
7434,36791
5614,89824
8753,94756
5335,28963
6881,29194
8733,55827
7412,89254
7703,25318
9498,30807
1995,36629
7641,90626
3523,83131
2884,70515
3421,31728
2105,78247
3532,17210
9727,1674
3344,24800
2446,82324
5070,24794
9759,28094
2374,24083
4944,54664
4092,96958
9462,35932
4436,46281
5960,47034
5114,19473
2245,90634
5857,13427
9327,61323
